# Created by Octave 6.1.0, Thu Feb 25 17:49:51 2021 GMT <unknown@DESKTOP-1I9G6GT>
# name: basis
# type: sparse matrix
# nnz: 9
# rows: 6
# columns: 3
1 1 2
2 1 1
3 1 1
2 2 1
4 2 2
5 2 1
3 3 1
5 3 1
6 3 2


# name: HU
# type: sparse matrix
# nnz: 3
# rows: 6
# columns: 6
1 1 2
4 4 2
6 6 2


# name: HE
# type: matrix
# ndims: 3
 6 6 3
 2
 0
 0
 0
 0
 0
 0
 1
 0
 0
 0
 0
 0
 0
 1
 0
 0
 0
 0
 0
 0
 0
 0
 0
 0
 0
 0
 0
 0
 0
 0
 0
 0
 0
 0
 0
 0
 0
 0
 0
 0
 0
 0
 1
 0
 0
 0
 0
 0
 0
 0
 0
 0
 0
 0
 0
 0
 2
 0
 0
 0
 0
 0
 0
 1
 0
 0
 0
 0
 0
 0
 0
 0
 0
 0
 0
 0
 0
 0
 0
 0
 0
 0
 0
 0
 0
 1
 0
 0
 0
 0
 0
 0
 0
 0
 0
 0
 0
 0
 0
 1
 0
 0
 0
 0
 0
 0
 2


# name: HJ
# type: sparse matrix
# nnz: 12
# rows: 6
# columns: 6
2 1 -1.4142135623730951
1 2 -1.4142135623730951
3 2 -1
4 2 -1.4142135623730951
2 3 -1
5 3 -1
2 4 -1.4142135623730951
5 4 -1.4142135623730951
3 5 -1
4 5 -1.4142135623730951
6 5 -1.4142135623730951
5 6 -1.4142135623730951


