# Created by Octave 6.1.0, Thu Feb 25 17:49:33 2021 GMT <unknown@DESKTOP-1I9G6GT>
# name: basis
# type: sparse matrix
# nnz: 3
# rows: 3
# columns: 3
1 1 1
2 2 1
3 3 1


# name: HE
# type: matrix
# ndims: 3
 3 3 3
 1
 0
 0
 0
 0
 0
 0
 0
 0
 0
 0
 0
 0
 1
 0
 0
 0
 0
 0
 0
 0
 0
 0
 0
 0
 0
 1


# name: HJ
# type: sparse matrix
# nnz: 4
# rows: 3
# columns: 3
2 1 -1
1 2 -1
3 2 -1
2 3 -1


